Задание 5. NumPy, вариант 1
Размер матрицы: 12 x 12
Seed: 123

Матрица A:
[[-19  28  22 -17  44  -5  -2  -7   3  -8   4  37]
 [ 12  45  11  -1  36  38  41  43 -19  16  -1  -3]
 [ -3  38  36  -5   9  32 -10  24  11  45  32  -4]
 [ 39  36  -5  16  36  -4  -3  -9 -20  15 -19  21]
 [  9  -7   5 -19 -10  13 -15  31  -2  45  -8  24]
 [ 16  45  23  41  12  -5  -7  41  -6  31  17  -1]
 [  9  36  12  41  47   1  17  17  18 -15   6  21]
 [ 45  -4  25  34  45  -8  27   2  11 -19  31 -18]
 [  6  15  27  13  39 -11  -2  -2   6 -20  10   7]
 [ 21  20  -1  10  15  39 -15  23 -15  -2  11  37]
 [  3  15  21  33   8  20  39  11  46   8  10 -19]
 [ 17  13   9  24  18  47   8  10  37  14  -3  16]]

Суммы столбцов: [155 280 185 170 299 157  78 184  70 110  90 118]
Индекс столбца с минимальной суммой: 8
Столбец с минимальной суммой: [  3 -19  11 -20  -2  -6  18  11   6 -15  46  37]
Медиана через numpy.median(): 4.50
Медиана по формуле: 4.50